40473
28825
49524
10998
44698
29741
41253
55854
686
63298
54721
57210
38938
26433
7645
49933
26875
45244
32351
29346
57812
8972
26035
2994
18075
29878
30135
26664
528
37246
29004
41001
535
12992
52000
45233
42734
27717
35551
43420
25480
24736
35094
64418
51170
42739
48815
12509
22447
15631
41855
14724
24603
2354
17718
42678
32233
47853
3806
32761
19563
32810
8227
20098
45803
60227
65332
23001
22408
35347
885
47888
60084
35979
46770
45718
13182
30050
58227
35629
45681
34546
50353
4748
36901
2535
47426
3598
50389
51233
36359
4416
18507
44586
24515
64310
39277
24311
21775
61686
59658
22660
44038
54206
58639
25273
34388
6285
55323
27079
41915
35468
61626
26732
40216
32991
29268
22106
36589
14121
7803
7412
18537
26311
51999
43052
25085
25740
1827
46861
21890
61486
3985
393
50156
62625
25666
19009
3374
15453
46088
45289
50921
42178
6486
25601
9633
35754
47707
46222
49875
55511
53635
2876
16286
40098
45929
41371
302
47756
22696
22193
43706
26682
22586
28327
23771
48252
47336
27145
63705
27888
6899
49090
4531
13385
9155
14164
49139
56862
60387
33478
46837
48486
36354
63123
23048
16747
38959
23350
64504
61655
45543
42674
22801
2593
5465
46572
50845
52801
8182
49014
15154
15081
32568
19685
28466
41723
33849
12069
33050
28700
45547
14351
11650
16365
11939
34698
33113
50898
58049
32081
47017
38056
9219
4283
40650
14685
50855
25959
1950
59037
9438
17104
8582
42006
36789
37048
18194
5103
49117
51244
33803
29128
59
45454
45494
11998
14616
13071
62896
7129
45152
44378
45186
54371
48661
20300
3520
33980
46259
5471
27482
55697
22575
36064
32168
59365
7577
50362
64468
56694
36070
32735
20287
36129
12653
245
48128
27270
13316
45488
34399
58468
24330
14049
47303
7455
34349
50824
41436
15073
56295
3382
5234
13334
39446
37402
7163
47023
22228
6095
38182
58298
38831
58469
28892
51484
58714
11484
13218
6494
56972
47618
64962
15767
61667
46729
23222
30481
32017
64658
45554
22776
2504
50788
36111
41951
22655
43274
23438
44883
49370
61620
37646
22665
54553
1002
8613
47731
12486
21832
54225
3922
3914
53651
19689
45
34845
42912
30526
1326
42034
10544
24103
44539
61333
60214
20954
18452
37952
44392
63335
21786
40477
35445
44451
29494
36447
53065
11690
48933
9361
379
52856
13275
54031
7009
13320
23340
49921
43847
24666
26420
54391
48769
5423
50188
43447
26377
3104
15864
5233
904
37650
45710
36349
16566
9669
7261
4095
21359
56194
13456
21738
43514
26731
10233
50524
40051
33573
34909
18362
58240
61329
7218
41473
1216
57406
19385
27593
60511
35249
32827
61415
7363
13001
32228
23929
22670
39489
28024
44029
30148
41480
232
8126
2675
10465
58650
42727
44039
28024
61089
36743
23817
2771
12680
25034
60178
32065
52627
55153
1778
19918
51032
9142
32920
17724
33071
55590
57214
61096
34084
21826
37040
34316
29952
39716
44781
23067
16907
23284
51091
12460
60027
9372
15232
7172
34406
9874
39237
21498
65027
41016
41416
50523
50158
8800
2711
17693
64391
59925
13253
32939
16215
50294
1719
46168
24474
46500
3699
41381
4249
54790
53841
64276
64162
3537
5912
33033
13411
45150
54531
12902
20630
30411
63425
5252
39212
601
22945
38067
60526
36199
5470
11206
20957
7189
57374
45431
53689
61073
21276
57938
50327
9581
56679
48953
13119
62591
16450
26530
42205
5445
39433
62835
35857
37322
2551
9533
37923
25497
47600
32914
61696
53070
44120
17117
60259
35958
62548
48412
31495
18288
40815
16286
27869
31958
65239
40988
29013
16154
1983
5683
21599
41416
2982
57456
13202
5534
1453
51126
31031
49053
18504
27191
36587
62624
44308
31310
33046
41320
14187
64541
59608
55002
15291
21941
21424
14994
62930
50437
31148
64913
56120
52748
40793
59103
44668
53995
64637
46122
39585
30132
29639
58089
57323
691
55177
36095
32001
22687
11879
46188
21692
5951
35654
36983
27892
57078
51978
25286
41980
17590
24663
32564
4802
65456
26131
49471
53916
25232
30057
27965
55364
59696
20519
47151
60387
10160
17710
26853
32848
29589
7505
54540
35540
43160
25988
63433
34702
12430
23183
11146
30020
47847
43711
34823
47767
4306
18758
36147
29539
48815
64113
19367
42975
19096
983
37827
29256
18693
64680
62104
48283
6649
51109
18287
49809
11561
16184
18976
23991
39368
30122
54011
21679
8297
23298
3910
12604
42056
40058
42143
25335
38635
61510
2775
57731
62493
40602
21451
15651
39746
18020
63934
46395
3593
16685
30669
15154
32870
49645
39145
6702
14231
27620
28381
22529
50919
32291
35133
27439
6813
11740
52775
45448
7714
55550
37643
4672
30616
59095
20323
4826
11579
18721
51221
15172
35406
16354
30326
2740
463
3935
9442
14695
31555
37823
37224
16938
4579
6821
44378
11392
18561
31617
56841
26275
21631
28948
30947
52247
22507
51270
57073
34086
4455
42758
49258
39862
59113
14048
42602
59576
17983
52045
8735
49539
24332
45959
941
28911
52780
45319
40304
5805
11400
31609
32081
33031
60557
63028
19742
17529
48763
11279
51615
53218
54038
35338
27544
47615
49386
4611
41655
1834
56656
50391
51373
15452
30814
52314
44364
18059
32098
19132
23864
43498
50741
55945
10994
45762
53438
30736
63291
36665
42016
49371
24347
30518
19173
51892
12597
3023
56503
54252
4857
47623
39107
56230
63075
4386
43009
41903
22445
9571
61035
46309
53069
46240
36719
64063
26467
24621
29264
24222
61286
5744
8057
20097
36262
27230
6453
48859
30254
62956
37575
35111
45043
11147
25806
42583
15533
3279
18950
37978
12850
14450
18751
383
60690
55470
64447
21621
14555
28175
45844
10305
33919
53901
30403
4645
15596
36856
53504
45850
34277
25543
15425
13784
36690
41231
56367
52223
44510
9782
24665
57360
24232
43417
57744
19386
33351
56655
41008
47907
19294
21316
58212
53213
9681
23079
57858
25277
59936
45826
5591
28677
5833
21017
42461
42524
62248
33293
29211
41223
43075
53877
33047
1771
31758
25255
21157
65109
16374
62165
47480
35668
17945
40157
23345
27627
63236
15667
52904
57636
61493
58496
20777
1791
13977
63239
44315
10689
30996
7990
51912
8535
61867
19424
10306
28089
44679
31463
27663
61054
28093
9607
31186
46038
49764
54532
8129
47465
4663
61034
39565
621
